  # There has been      109000 steps
 # The current temp is  0.504633665    
 # Number of atoms
          24
 # X(i)Y(i)Z(i)
    1   1 CA ASP -26.905  10.080-107.975   1.000
    2   2 CA SER -25.648  11.635-104.750   1.000
    3   3 CA HIS -26.152  14.829-102.790   1.000
    4   4 CA ALA -23.045  16.253-101.228   1.000
    5   5 CA LYS -21.486  14.362 -98.324   1.000
    6   6 CA ARG -20.444  10.749 -98.106   1.000
    7   7 CA HIS -20.981   8.023-100.656   1.000
    8   8 CA HIS -21.683   4.319 -99.982   1.000
    9   9 CA GLY -19.898   1.545 -98.014   1.000
   10  10 CA TYR -20.839  -1.778 -96.734   1.000
   11  11 CA LYS -20.022  -2.941 -93.199   1.000
   12  12 CA ARG -17.041  -2.519 -91.172   1.000
   13  13 CA LYS -17.082  -2.231 -87.387   1.000
   14  14 CA PHE -16.824   0.876 -85.468   1.000
   15  15 CA HIS -16.886   1.473 -81.745   1.000
   16  16 CA GLU -20.000   1.523 -79.853   1.000
   17  17 CA LYS -21.284   2.430 -76.477   1.000
   18  18 CA HIS -23.757   5.043 -75.476   1.000
   19  19 CA HIS -27.311   4.343 -74.469   1.000
   20  20 CA SER -28.706   2.042 -71.691   1.000
   21  21 CA HIS -31.667   2.404 -69.216   1.000
   22  22 CA ARG -35.431   2.971 -69.388   1.000
   23  23 CA GLY -37.847   1.998 -72.219   1.000
   24  24 CA TYR -39.166   4.682 -74.554   1.000
    1  -0.242   0.321   0.355
    2  -1.053   0.298  -0.725
    3   0.910  -0.668   1.265
    4   0.039  -0.012  -0.429
    5   0.085   0.004  -0.786
    6  -0.761  -1.270  -0.301
    7   0.056   0.601  -0.250
    8   0.983   0.001  -1.050
    9   0.209   0.830  -0.025
   10   0.876   0.452  -1.315
   11  -0.300   0.121  -0.040
   12  -0.652   0.230   0.975
   13   0.606  -0.801  -0.140
   14  -0.200   0.231   0.249
   15   0.960   0.403  -0.304
   16   1.055  -0.315   0.208
   17  -0.066   0.364   0.850
   18  -0.015   1.017   0.320
   19   0.133   0.357  -1.251
   20  -0.002  -1.217  -0.054
   21   0.713   0.655  -1.531
   22   0.205  -0.051  -1.343
   23   0.691   1.396  -0.104
   24   0.190   0.149  -1.195
           1
          24
