          23 Hookean bonded pairs.
    1    1    2   3.767 100.000
    2    2    3   3.770 100.000
    3    3    4   3.767 100.000
    4    4    5   3.769 100.000
    5    5    6   3.769 100.000
    6    6    7   3.770 100.000
    7    7    8   3.768 100.000
    8    8    9   3.768 100.000
    9    9   10   3.768 100.000
   10   10   11   3.768 100.000
   11   11   12   3.769 100.000
   12   12   13   3.769 100.000
   13   13   14   3.768 100.000
   14   14   15   3.769 100.000
   15   15   16   3.768 100.000
   16   16   17   3.768 100.000
   17   17   18   3.770 100.000
   18   18   19   3.768 100.000
   19   19   20   3.767 100.000
   20   20   21   3.770 100.000
   21   21   22   3.768 100.000
   22   22   23   3.769 100.000
   23   23   24   3.768 100.000
          22 bond angle trios.
    1    1    2    3   2.270  10.000
    2    2    3    4   2.270  10.000
    3    3    4    5   2.270  10.000
    4    4    5    6   2.270  10.000
    5    5    6    7   2.270  10.000
    6    6    7    8   2.270  10.000
    7    7    8    9   2.270  10.000
    8    8    9   10   2.270  10.000
    9    9   10   11   2.270  10.000
   10   10   11   12   2.270  10.000
   11   11   12   13   2.270  10.000
   12   12   13   14   2.270  10.000
   13   13   14   15   2.270  10.000
   14   14   15   16   2.270  10.000
   15   15   16   17   2.270  10.000
   16   16   17   18   2.270  10.000
   17   17   18   19   2.270  10.000
   18   18   19   20   2.270  10.000
   19   19   20   21   2.270  10.000
   20   20   21   22   2.270  10.000
   21   21   22   23   2.270  10.000
   22   22   23   24   2.270  10.000
          21 dihedral quartets.
    1    1    2    3    4   0.000   0.000   0.000   0.000 
    2    2    3    4    5   0.000   0.000   0.000   0.000 
    3    3    4    5    6   0.000   0.000   0.000   0.000 
    4    4    5    6    7   0.000   0.000   0.000   0.000 
    5    5    6    7    8   0.000   0.000   0.000   0.000 
    6    6    7    8    9   0.000   0.000   0.000   0.000 
    7    7    8    9   10   0.000   0.000   0.000   0.000 
    8    8    9   10   11   0.000   0.000   0.000   0.000 
    9    9   10   11   12   0.000   0.000   0.000   0.000 
   10   10   11   12   13   0.000   0.000   0.000   0.000 
   11   11   12   13   14   0.000   0.000   0.000   0.000 
   12   12   13   14   15   0.000   0.000   0.000   0.000 
   13   13   14   15   16   0.000   0.000   0.000   0.000 
   14   14   15   16   17   0.000   0.000   0.000   0.000 
   15   15   16   17   18   0.000   0.000   0.000   0.000 
   16   16   17   18   19   0.000   0.000   0.000   0.000 
   17   17   18   19   20   0.000   0.000   0.000   0.000 
   18   18   19   20   21   0.000   0.000   0.000   0.000 
   19   19   20   21   22   0.000   0.000   0.000   0.000 
   20   20   21   22   23   0.000   0.000   0.000   0.000 
   21   21   22   23   24   0.000   0.000   0.000   0.000 
         210 contacts.
    1    1    5    47.496 0.000413 0.000000 0.000000
    2    1    6    48.921 0.001274 0.000000 0.000000
    3    1    7    45.117 0.001471 0.001471 0.000000
    4    1    8    45.117 0.001471 0.001471 0.000000
    5    1    9    33.772 0.085040 0.000000 0.000000
    6    1   10    48.099 0.220064 0.000000 0.000000
    7    1   11    47.496 0.000413 0.000000 0.000000
    8    1   12    48.921 0.001274 0.000000 0.000000
    9    1   13    47.496 0.000413 0.000000 0.000000
   10    1   14    47.307 0.208540 0.000000 0.000000
   11    1   15    45.117 0.001471 0.001471 0.000000
   12    1   16    43.964 0.068918 0.000000 0.000000
   13    1   17    47.496 0.000413 0.000000 0.000000
   14    1   18    45.117 0.001471 0.001471 0.000000
   15    1   19    45.117 0.001471 0.001471 0.000000
   16    1   20    38.527 0.070449 0.000000 0.000000
   17    1   21    45.117 0.001471 0.001471 0.000000
   18    1   22    48.921 0.001274 0.000000 0.000000
   19    1   23    33.772 0.085040 0.000000 0.000000
   20    1   24    48.099 0.220064 0.000000 0.000000
   21    2    6    45.760 0.152744 0.000000 0.000000
   22    2    7    42.080 0.179501 0.179501 0.000000
   23    2    8    42.080 0.179501 0.179501 0.000000
   24    2    9    31.169 0.066136 0.000000 0.000000
   25    2   10    44.961 0.201161 0.000000 0.000000
   26    2   11    44.487 0.036572 0.000000 0.000000
   27    2   12    45.760 0.152744 0.000000 0.000000
   28    2   13    44.487 0.036572 0.000000 0.000000
   29    2   14    44.196 0.189636 0.000000 0.000000
   30    2   15    42.080 0.179501 0.179501 0.000000
   31    2   16    40.992 0.074135 0.000000 0.000000
   32    2   17    44.487 0.036572 0.000000 0.000000
   33    2   18    42.080 0.179501 0.179501 0.000000
   34    2   19    42.080 0.179501 0.179501 0.000000
   35    2   20    35.771 0.051547 0.000000 0.000000
   36    2   21    42.080 0.179501 0.179501 0.000000
   37    2   22    45.760 0.152744 0.000000 0.000000
   38    2   23    31.169 0.066136 0.000000 0.000000
   39    2   24    44.961 0.201161 0.000000 0.000000
   40    3    7    49.044 0.304858 0.496943 0.022774
   41    3    8    49.044 0.304858 0.496943 0.022774
   42    3    9    37.142 0.194091 0.194091 0.000000
   43    3   10    52.155 0.329115 0.545004 0.000000
   44    3   11    51.374 0.073111 0.073111 0.000000
   45    3   12    52.999 0.461578 0.103962 0.000000
   46    3   13    51.374 0.073111 0.073111 0.000000
   47    3   14    51.328 0.317591 0.515986 0.000000
   48    3   15    49.044 0.304858 0.496943 0.022774
   49    3   16    47.786 0.001499 0.001499 0.000000
   50    3   17    51.374 0.073111 0.073111 0.000000
   51    3   18    49.044 0.304858 0.496943 0.022774
   52    3   19    49.044 0.304858 0.496943 0.022774
   53    3   20    42.080 0.179501 0.179501 0.000000
   54    3   21    49.044 0.304858 0.496943 0.022774
   55    3   22    52.999 0.461578 0.103962 0.000000
   56    3   23    37.142 0.194091 0.194091 0.000000
   57    3   24    52.155 0.329115 0.545004 0.000000
   58    4    8    41.042 0.174430 0.174430 0.000000
   59    4    9    30.282 0.061065 0.000000 0.000000
   60    4   10    43.888 0.196090 0.000000 0.000000
   61    4   11    43.469 0.031500 0.000000 0.000000
   62    4   12    44.678 0.147673 0.000000 0.000000
   63    4   13    43.469 0.031500 0.000000 0.000000
   64    4   14    43.132 0.184565 0.000000 0.000000
   65    4   15    41.042 0.174430 0.174430 0.000000
   66    4   16    39.976 0.069065 0.000000 0.000000
   67    4   17    43.469 0.031500 0.000000 0.000000
   68    4   18    41.042 0.174430 0.174430 0.000000
   69    4   19    41.042 0.174430 0.174430 0.000000
   70    4   20    34.833 0.046476 0.000000 0.000000
   71    4   21    41.042 0.174430 0.174430 0.000000
   72    4   22    44.678 0.147673 0.000000 0.000000
   73    4   23    30.282 0.061065 0.000000 0.000000
   74    4   24    43.888 0.196090 0.000000 0.000000
   75    5    9    39.272 0.051161 0.000000 0.000000
   76    5   10    54.550 0.085940 0.000000 0.000000
   77    5   11    54.342 0.015997 0.000000 0.000000
   78    5   12    55.437 0.102038 0.000000 0.000000
   79    5   13    54.342 0.015997 0.000000 0.000000
   80    5   14    53.708 0.096463 0.000000 0.000000
   81    5   15    51.374 0.073111 0.073111 0.000000
   82    5   16    50.224 0.000440 0.000000 0.000000
   83    5   17    54.342 0.015997 0.000000 0.000000
   84    5   18    51.374 0.073111 0.073111 0.000000
   85    5   19    51.374 0.073111 0.073111 0.000000
   86    5   20    44.487 0.036572 0.000000 0.000000
   87    5   21    51.374 0.073111 0.073111 0.000000
   88    5   22    55.437 0.102038 0.000000 0.000000
   89    5   23    39.272 0.051161 0.000000 0.000000
   90    5   24    54.550 0.085940 0.000000 0.000000
   91    6   10    56.230 0.508624 0.000000 0.000000
   92    6   11    55.437 0.102038 0.000000 0.000000
   93    6   12    57.109 0.075242 0.000000 0.000000
   94    6   13    55.437 0.102038 0.000000 0.000000
   95    6   14    55.372 0.456007 0.000000 0.000000
   96    6   15    52.999 0.461578 0.103962 0.000000
   97    6   16    51.699 0.001300 0.000000 0.000000
   98    6   17    55.437 0.102038 0.000000 0.000000
   99    6   18    52.999 0.461578 0.103962 0.000000
  100    6   19    52.999 0.461578 0.103962 0.000000
  101    6   20    45.760 0.152744 0.000000 0.000000
  102    6   21    52.999 0.461578 0.103962 0.000000
  103    6   22    57.109 0.075242 0.000000 0.000000
  104    6   23    40.599 0.167333 0.000000 0.000000
  105    6   24    56.230 0.508624 0.000000 0.000000
  106    7   11    51.374 0.073111 0.073111 0.000000
  107    7   12    52.999 0.461578 0.103962 0.000000
  108    7   13    51.374 0.073111 0.073111 0.000000
  109    7   14    51.328 0.317591 0.515986 0.000000
  110    7   15    49.044 0.304858 0.496943 0.022774
  111    7   16    47.786 0.001499 0.001499 0.000000
  112    7   17    51.374 0.073111 0.073111 0.000000
  113    7   18    49.044 0.304858 0.496943 0.022774
  114    7   19    49.044 0.304858 0.496943 0.022774
  115    7   20    42.080 0.179501 0.179501 0.000000
  116    7   21    49.044 0.304858 0.496943 0.022774
  117    7   22    52.999 0.461578 0.103962 0.000000
  118    7   23    37.142 0.194091 0.194091 0.000000
  119    7   24    52.155 0.329115 0.545004 0.000000
  120    8   12    52.999 0.461578 0.103962 0.000000
  121    8   13    51.374 0.073111 0.073111 0.000000
  122    8   14    51.328 0.317591 0.515986 0.000000
  123    8   15    49.044 0.304858 0.496943 0.022774
  124    8   16    47.786 0.001499 0.001499 0.000000
  125    8   17    51.374 0.073111 0.073111 0.000000
  126    8   18    49.044 0.304858 0.496943 0.022774
  127    8   19    49.044 0.304858 0.496943 0.022774
  128    8   20    42.080 0.179501 0.179501 0.000000
  129    8   21    49.044 0.304858 0.496943 0.022774
  130    8   22    52.999 0.461578 0.103962 0.000000
  131    8   23    37.142 0.194091 0.194091 0.000000
  132    8   24    52.155 0.329115 0.545004 0.000000
  133    9   13    39.272 0.051161 0.000000 0.000000
  134    9   14    39.132 0.204226 0.000000 0.000000
  135    9   15    37.142 0.194091 0.194091 0.000000
  136    9   16    36.085 0.088726 0.000000 0.000000
  137    9   17    39.272 0.051161 0.000000 0.000000
  138    9   18    37.142 0.194091 0.194091 0.000000
  139    9   19    37.142 0.194091 0.194091 0.000000
  140    9   20    31.169 0.066136 0.000000 0.000000
  141    9   21    37.142 0.194091 0.194091 0.000000
  142    9   22    40.599 0.167333 0.000000 0.000000
  143    9   23    26.915 0.080726 0.000000 0.000000
  144    9   24    39.853 0.215750 0.000000 0.000000
  145   10   14    54.509 0.339250 0.000000 0.000000
  146   10   15    52.155 0.329115 0.545004 0.000000
  147   10   16    50.854 0.223750 0.000000 0.000000
  148   10   17    54.550 0.085940 0.000000 0.000000
  149   10   18    52.155 0.329115 0.545004 0.000000
  150   10   19    52.155 0.329115 0.545004 0.000000
  151   10   20    44.961 0.201161 0.000000 0.000000
  152   10   21    52.155 0.329115 0.545004 0.000000
  153   10   22    56.230 0.508624 0.000000 0.000000
  154   10   23    39.853 0.215750 0.000000 0.000000
  155   10   24    55.361 0.350775 0.000000 0.000000
  156   11   15    51.374 0.073111 0.073111 0.000000
  157   11   16    50.224 0.000440 0.000000 0.000000
  158   11   17    54.342 0.015997 0.000000 0.000000
  159   11   18    51.374 0.073111 0.073111 0.000000
  160   11   19    51.374 0.073111 0.073111 0.000000
  161   11   20    44.487 0.036572 0.000000 0.000000
  162   11   21    51.374 0.073111 0.073111 0.000000
  163   11   22    55.437 0.102038 0.000000 0.000000
  164   11   23    39.272 0.051161 0.000000 0.000000
  165   11   24    54.550 0.085940 0.000000 0.000000
  166   12   16    51.699 0.001300 0.000000 0.000000
  167   12   17    55.437 0.102038 0.000000 0.000000
  168   12   18    52.999 0.461578 0.103962 0.000000
  169   12   19    52.999 0.461578 0.103962 0.000000
  170   12   20    45.760 0.152744 0.000000 0.000000
  171   12   21    52.999 0.461578 0.103962 0.000000
  172   12   22    57.109 0.075242 0.000000 0.000000
  173   12   23    40.599 0.167333 0.000000 0.000000
  174   12   24    56.230 0.508624 0.000000 0.000000
  175   13   17    54.342 0.015997 0.000000 0.000000
  176   13   18    51.374 0.073111 0.073111 0.000000
  177   13   19    51.374 0.073111 0.073111 0.000000
  178   13   20    44.487 0.036572 0.000000 0.000000
  179   13   21    51.374 0.073111 0.073111 0.000000
  180   13   22    55.437 0.102038 0.000000 0.000000
  181   13   23    39.272 0.051161 0.000000 0.000000
  182   13   24    54.550 0.085940 0.000000 0.000000
  183   14   18    51.328 0.317591 0.515986 0.000000
  184   14   19    51.328 0.317591 0.515986 0.000000
  185   14   20    44.196 0.189636 0.000000 0.000000
  186   14   21    51.328 0.317591 0.515986 0.000000
  187   14   22    55.372 0.456007 0.000000 0.000000
  188   14   23    39.132 0.204226 0.000000 0.000000
  189   14   24    54.509 0.339250 0.000000 0.000000
  190   15   19    49.044 0.304858 0.496943 0.022774
  191   15   20    42.080 0.179501 0.179501 0.000000
  192   15   21    49.044 0.304858 0.496943 0.022774
  193   15   22    52.999 0.461578 0.103962 0.000000
  194   15   23    37.142 0.194091 0.194091 0.000000
  195   15   24    52.155 0.329115 0.545004 0.000000
  196   16   20    40.992 0.074135 0.000000 0.000000
  197   16   21    47.786 0.001499 0.001499 0.000000
  198   16   22    51.699 0.001300 0.000000 0.000000
  199   16   23    36.085 0.088726 0.000000 0.000000
  200   16   24    50.854 0.223750 0.000000 0.000000
  201   17   21    51.374 0.073111 0.073111 0.000000
  202   17   22    55.437 0.102038 0.000000 0.000000
  203   17   23    39.272 0.051161 0.000000 0.000000
  204   17   24    54.550 0.085940 0.000000 0.000000
  205   18   22    52.999 0.461578 0.103962 0.000000
  206   18   23    37.142 0.194091 0.194091 0.000000
  207   18   24    52.155 0.329115 0.545004 0.000000
  208   19   23    37.142 0.194091 0.194091 0.000000
  209   19   24    52.155 0.329115 0.545004 0.000000
  210   20   24    44.961 0.201161 0.000000 0.000000
           0 repulsive pairs.
          16 electrostatic residues.
       1    1  -1.000
       2    3   0.000
       3    5   1.000
       4    6   1.000
       5    7   0.000
       6    8   0.000
       7   11   1.000
       8   12   1.000
       9   13   1.000
      10   15   0.000
      11   16  -1.000
      12   17   1.000
      13   18   0.000
      14   19   0.000
      15   21   0.000
      16   22   1.000
          24 atom positions.
           1 chains.
          24 is the size of chain           1.
    1   1 CA ASP -15.083   0.369  -7.987   1.000
    2   2 CA SER -15.627   1.252  -4.417   1.000
    3   3 CA HIS -17.470   1.656  -1.203   1.000
    4   4 CA ALA -16.769   1.574   2.528   1.000
    5   5 CA LYS -14.415   1.201   5.338   1.000
    6   6 CA ARG -12.047  -1.046   7.378   1.000
    7   7 CA HIS  -8.749  -2.716   7.488   1.000
    8   8 CA HIS  -5.956  -4.152   9.504   1.000
    9   9 CA GLY  -5.046  -6.503  12.277   1.000
   10  10 CA TYR  -3.917  -9.718  13.820   1.000
   11  11 CA LYS  -4.627 -13.451  13.800   1.000
   12  12 CA ARG  -6.549 -16.121  11.953   1.000
   13  13 CA LYS  -6.402 -17.694   8.492   1.000
   14  14 CA PHE  -5.278 -17.109   4.919   1.000
   15  15 CA HIS  -5.026 -14.944   1.843   1.000
   16  16 CA GLU  -4.075 -11.462   1.009   1.000
   17  17 CA LYS  -4.319  -7.981   2.465   1.000
   18  18 CA HIS  -4.257  -4.362   1.120   1.000
   19  19 CA HIS  -5.068  -0.990   2.633   1.000
   20  20 CA SER  -4.905   2.730   2.579   1.000
   21  21 CA HIS  -6.032   6.320   2.414   1.000
   22  22 CA ARG  -8.682   8.971   1.963   1.000
   23  23 CA GLY  -9.506  12.552   2.939   1.000
   24  24 CA TYR -12.382  14.991   3.006   1.00